    MAP2 = [
        [1,1,1,1,1,1,1,1,1,1,1,1,1,1,104],
        [74,74,74,74,74,74,74,74,74,74,74,74,74,1,104],
        [74,74,74,74,74,74,74,74,74,74,74,74,74,1,104],
        [74,74,74,74,74,74,74,74,74,74,74,74,74,1,104],
        [74,74,74,74,74,74,74,74,74,74,74,74,74,1,104],
        [74,74,74,74,74,74,74,74,74,74,74,74,74,1,104],
        [74,74,74,74,74,74,74,74,74,74,74,74,74,1,104],
        [74,74,74,74,74,74,74,74,74,74,74,74,74,1,104],
        [1,1,1,1,1,1,1,1,1,1,1,1,1,1,104],
        [10,10,10,10,10,10,10,10,10,10,10,10,10,10,104],
        [31,30,41,40,8,17,17,17,8,8,31,30,21,20,104], 
        [33,32,43,42,0,17,17,17,0,8,33,32,23,22,104],
        [21,20,31,30,8,17,17,17,8,8,21,20,41,40,104], 
        [23,22,33,32,0,17,17,17,0,8,23,22,43,42,104],     
    ]